0,472
206,52
206,51
206,50
206,49
206,48
206,47
206,46
206,45
206,44
206,43
206,42
206,41
206,40
206,39
206,38
206,37
206,36
57,2
0,304
0,386
116,2
150,1
150,3
57,5
57,4
57,1
57,3
116,5
26,1
26,3
39,1
39,3
79,4
175,4
175,1
175,3
79,7
79,1
79,3
118,6
118,1
118,3
117,4
116,4
116,1
116,3
117,1
117,3
146,1
146,3
0,273
0,270
25,1
25,3
206,35
3,2
3,1
3,3
10,302
10,184
10,226
10,16
10,222
10,168
10,126
10,1
10,112
10,2
10,3
11,21
11,5
11,11
11,30
11,7
11,1
11,29
11,2
11,3
9,7
9,4
9,1
9,6
9,2
9,3
8,8
8,13
8,10
8,11
8,18
8,9
8,14
8,1
8,16
8,2
8,3
12,2
12,1
12,3
20,2
20,1
20,3
19,2
19,1
19,3
18,1
18,3
14,3
13,1
13,3
205,6
205,5
205,4
205,3
205,2
205,1
205,0
202,7
